217136.20040953896;341007.7757326557;272539.37189325603
256813.33339705714;144632.46064831116;14523.836452014715
432406.72641690145;532677.9777472642;629971.3440898411
165343.58268607262;385591.9781244883;241512.3241665904
676752.5629126255;459253.6770806057;846279.0594250307
177614.65694757216;416721.2024769946;618402.0141929683
76100.07967873955;815177.2711755726;530.6662959077003
146065.42567741644;555847.2024011579;177989.98371872478
309468.32161044836;334432.51465561084;61249.894728564905
877044.410652577;568599.8585277617;327572.9855185194
774245.2491857673;861552.4813111766;235711.90042948507
396894.74706097896;216094.20966340965;940422.9929104521
42105.29516237804;335825.1523264826;71043.93857103364
232810.31438774202;874437.2216489207;512674.7043064672
568886.2297065244;576261.1684683781;266787.4692787317
93937.05679076658;612931.6438282641;299878.05532142066
873485.8705999623;404865.4364544436;77632.59193075712
131361.63881252406;365039.00399464375;158314.0996196365
379072.93535056774;232407.83775869146;692858.715910525
95422.46068041849;836251.892847951;605053.7946548909
606145.4094718596;34611.451061820175;54279.93089752359
898095.1172252932;573698.2459095637;121468.41284216325
658276.2691228763;289293.3984245061;734882.333417289
122703.34978288123;184937.550105408;215315.81952314448
294137.197230273;872403.4575592822;461155.958394914
967051.3439954037;482320.4949070069;396305.40181940346
119995.90756001632;960768.6448112054;187595.5097047024
212587.02475869496;48353.83000483684;19016.84408250115
585226.1133865672;734739.0236361593;313480.99633904104
278593.68479125644;44938.79933992451;178102.1414554226
384738.71485554765;4526.280758519019;188776.70082872122
381375.4611336615;82004.47398598277;820577.5922409398
966666.7929909126;463522.3471770208;36646.10827326165
834743.1236451208;77130.58645128312;692411.3170579122
398982.60056628456;812316.4869148454;650249.3742520409
39797.4008856411;863350.3886145909;841971.3513411902
397008.3857423131;192221.0873658885;322920.7838592716
774343.4401286604;67735.22648738207;194166.01663106546
762317.1727858803;115371.55375829012;851180.9701178606
793828.0437137106;769149.5232167342;601003.6935833185
377010.56016379484;367373.2019495993;707249.3302731534
282832.8563115994;269387.77119362;352567.5810647199
984962.0125382703;203431.17142660872;418559.72984931024
861704.6064009705;17559.885431183142;116746.62839267314
994114.3056478334;617932.6532307274;692754.9163350348
895143.4466797459;503431.2486069481;213692.83896580836
786201.5505384823;367253.3485547195;856082.2527856664
604537.8880370114;310949.13660275127;411247.7032330667
679468.7422080853;282344.0919420417;291678.12237294187
525501.5359047778;206404.3449585552;930231.4951067404
466986.94804043503;843545.0428260228;755331.4241101283
871949.3829311276;896230.825842237;559712.7665686446
114192.55917754034;176875.0749178163;892902.36309728
66041.1567931255;982628.0552773895;399057.1396994134
912336.6682978706;635232.029805225;349992.67116429954
177472.62162221488;196222.8068934092;701848.4799629473
820437.0798391545;615346.9926140853;322124.18592923996
600087.9395201436;387899.7101699111;10987.966209281109
859437.7871407599;878094.2977642274;202546.9143721451
997584.692521706;7272.5231383385935;944711.2832186434
469184.1459485611;631143.5120088273;358982.01294825925
990165.142886371;895566.0558136321;556654.2058733435
747999.3682304781;614260.9859016167;44248.3480182031
341565.2345813972;798172.5190686153;763940.6284900849
368578.9490747272;906963.0918313408;737305.0935618802
350763.7790757002;158070.16626853333;31771.970132496775
537015.8562732894;270801.0845272364;944047.5949788206
550988.0018081011;350637.1301079344;42672.499951354024
875292.5350768152;130517.93232313446;281772.1446868986
746312.6006003595;286128.0536913603;768319.4302983889
825860.9489240879;195662.43543304963;697495.7751121938
154647.6991538812;496136.1901325814;329821.22068380704
486768.11606000434;777419.0337358569;470608.75197596994
849948.7078270245;9177.749392117907;351786.41521344444
98119.7610166098;251320.05578439365;705479.2814914451
196514.858574379;395464.2962214456;996578.9169623632
295906.2025818335;191754.65343596443;344548.09141582134
268789.76348300633;952132.6577121131;630065.345975152
732501.4201841844;436241.0777540139;399720.037157171
486750.728466939;519997.88336637063;157492.8291688015
702482.587197229;240167.81999949279;324660.52654770593
917526.8916518773;870676.5063407206;481711.6439206496
155370.73528256072;561091.3586461048;401328.68393330136
275083.77290090214;737944.3241367318;895268.1426852716
51571.164318634954;464879.9451535451;820678.8377351661
187329.34989923023;739999.546486918;510155.507280166
803219.0334239333;853730.3083241072;95099.33775764456
137873.314067411;99977.97954920007;992820.7269712001
633646.9336111175;33367.67394311346;327179.86861386284
435130.50258793484;879716.7976820094;980403.6269653199
896460.744083959;616401.1826028763;614773.9040847413
893576.5100232286;599724.1702438435;747138.4869661874
131001.45616705372;260666.25947296096;834337.3140063216
529631.593941081;494581.82415584597;630240.117048214
88066.9143882924;496751.0579956823;216333.31282987876
354570.00300198636;631261.8432612297;364117.08074520034
898292.0501008037;234164.56018401933;24500.77162227282
282445.90657681;523025.96509274567;246500.84565684161
683986.3433947577;795901.324640954;167334.27325236984
473616.20557822526;399461.8554336372;689782.856153101
868671.4531146825;368694.50720898877;748303.883958183
704506.4545218318;314608.19803054177;124529.91421106174
468525.55410603835;283022.51252664323;603728.664803594
84469.26819514755;702394.836599827;910250.2334707975
251274.2893239993;996882.223690182;899520.0786261975
800314.4705933593;245319.1060936706;852080.4061912274
78090.51810067946;625859.7985122029;620215.5847702341
563159.707095695;341180.97284601256;53436.23696254707
450003.1205730387;190964.782320427;932303.3343151838
664482.8066440981;873449.6946054235;273487.10039430036
671836.7085998234;53910.35635304775;965017.3323775878
5619.345156803402;131208.20004126354;662110.4606329391
980282.9307649853;367576.17930014705;576911.8415068685
158451.50437734113;547136.9593973351;479769.3514040218
584591.1947824239;958155.2457071122;852035.1488192953
852576.6804977894;242371.31053421658;421631.9923345876
538260.8131520683;756891.4430126699;335377.5982276168
692486.9122477102;753692.6398549987;655673.1136919425
730722.2228683628;551807.9413413225;176855.04988096745
66117.24752750758;624606.3961057514;821005.2751490839
606360.1544955573;681097.8151983519;466189.2106633169
148109.0810061446;509515.76710570377;161392.40552542734
561505.9523292736;796053.7458414218;217105.7029099346
390111.45775365864;80760.13369896206;572732.1806819979
469343.51419887855;937889.5997925343;80608.9574441946
187318.84596394654;861984.70023667;364875.411994092
387828.04314544215;713829.6113989466;751267.7758655336
586171.4819762829;696476.8897225118;923921.0105307989
787583.4620321759;684035.6487307255;300672.8958138016
831744.9604254827;193717.48194412008;910402.5534594026
106616.42846099562;313219.3745794037;545022.0495570975
973016.4503256289;719746.9569592295;632315.7051084177
373657.4814489514;909909.8394538815;632206.3637839574
375383.9953723662;424184.59348739544;12921.362666782898
942396.1457730102;533878.2029171082;552292.2365908619
991057.7094618232;592567.224604254;963376.7650560851
811166.822483883;537630.1020505687;979994.412940429
438419.59120394767;487273.7457224632;53760.646091910225
596198.7628631096;970266.9069359797;798023.6068722479
884512.5539233371;291190.80848744296;360376.36422809004
821871.0800734583;695917.9972456163;804633.9916228729
778502.3994613831;235138.0490998699;176478.5030912387
255075.35723885876;747592.994241738;629805.6484703736
177630.98540004418;960684.4539419594;532606.2163070627
73948.19318592771;549190.1866465491;174032.24348055557
417115.9649596733;43708.19792722569;587257.1259951711
929197.6101401893;107205.84475561479;820277.2711562994
459088.27317155997;941909.4577808907;803971.8259518575
873756.2474535103;132542.99013536298;791312.936344635
737959.6453084269;34852.12196061083;404355.7426159875
808469.3666317258;818029.1412263168;687179.8623111411
56381.57302310065;953192.1624715892;985011.3300794011
678532.2934576882;974105.5364663061;791384.8110874023
975393.412438374;384182.82757178356;713656.0532979957
210976.16004830544;873338.0906840271;425764.9745471597
136353.62020020015;50226.53058225557;773531.9599585574
574967.4922735093;506783.529931227;312597.6273409109
509664.26973123546;316804.8901014595;226307.0429781595
213775.38520573513;599628.686857762;251490.42749732686
188669.4007255696;30140.260061523262;21327.862101983785
870538.7500629355;428436.6056358382;427132.53129430674
997486.5665707919;714024.7037628972;134096.7467109576
302336.7038313964;606653.1917964935;764100.5199446761
779372.7400073207;620752.1083545693;730586.4880220525
725327.9070458218;232836.65664869302;175891.0365866251
472020.1695622921;293221.29159771884;258513.83759700286
370070.2526955689;716735.0662067453;754707.9414794523
480485.1801186133;643347.1476826768;179806.78723610478
778174.42019192;85667.6433615916;726585.8198847114
853694.7892565262;817984.0336095091;763664.3909686913
556454.93257952;377886.8007375179;573393.6714470555
405385.2917511289;193654.4482453011;947368.672181138
632063.4991733852;635393.555258247;511463.3313272834
214875.3960652301;462378.7857981072;921587.7694586195
945093.6261449198;436461.76094261766;964792.0632932048
403204.2020886483;338434.9336507784;845585.0488148759
482177.67354563414;69149.96277608165;468942.20551464526
223751.53794182613;439434.37562792166;557430.410553799
610582.4030636542;5028.874428584795;969789.0110667578
479925.61808766157;831201.1283879372;316816.52651581826
698050.2634180052;125804.87985627897;745516.8913796421
509253.810537672;191366.15213265718;699527.9712923807
320997.63877674105;278632.767988182;630801.1578293773
576554.3993535116;355023.0437216777;667076.9961966571
880261.012211355;233352.11547368206;70674.45231696313
870907.219277642;948891.7483395527;659111.7379706509
93365.30250741226;561705.3924352819;795767.3121402278
894480.5367272173;692335.4121104144;158262.71006446079
760172.8948013191;317794.22521571565;357199.41733738437
116828.4146119265;15027.04828432877;984527.0171937703
739405.613635695;109457.54337194968;460819.26743515464
846564.4909885129;416333.40842921654;77358.21490787841
424583.7543964305;381874.230827247;882294.058715757
954332.3156299419;560340.5472394667;408500.73827428423
103352.07645999666;519062.4402589369;34373.07051573546
974405.917378219;116558.60844913358;595830.3433662631
660655.9964710831;295024.29122394405;652213.1650613633
783347.0826788764;124783.1932483845;722000.045059153
364429.01988365763;255702.72431138752;587189.1760894269
775884.1157712457;309697.90618438553;965631.8619066849
785716.7249042947;801199.3599459958;863725.9986024101
775881.2263461992;483642.0926408216;36820.54566166204
166895.85067181123;948654.3984908642;590741.3156807555
640715.0434596419;816849.1101572792;985054.5793525513
159717.17807493923;418830.6963278647;836323.147690233
666035.3315320471;915052.5958256652;580358.0810297186
464371.51051828964;488910.8915114903;196174.14248928698
321403.28738113336;783302.118247956;958700.2220834534
903092.9400514071;3783.915194248144;644312.5695743288
2772.2942517228735;545368.8240030775;705495.6404301233
250343.0214680218;48776.45077069437;207441.4155946077
466976.5933150276;762939.1199915466;266837.38083166187
776567.3060351749;254230.49484666728;205181.40591855982
866265.7687917575;805199.0930254804;790546.1841831906
571757.788934931;163700.92647892897;410873.17600190575
805187.4995811078;148030.5408883843;53109.05685949419
574304.6094506137;206211.61857286652;25809.559130022142
558570.9592624706;161622.28861641715;345663.26144678914
264561.2663920116;578792.6509784438;809181.0073995084
706863.9856005688;542488.8660278133;155330.89899507302
658593.2571268865;324521.2952327635;462487.99081937317
268641.94969754317;422983.508462916;485179.15424593963
177103.590220844;295647.9917847229;571321.7804805933
820476.4640662516;816440.5681592489;866707.7941529106
490407.2690121851;743950.0798113199;611221.559855246
996180.1521379832;852614.0285648585;55337.25730171035
612347.3882251179;836648.1688811384;623047.3764418921
221049.40078647516;124621.09212855366;14221.188215206348
219178.85063638655;247856.82593687542;877709.0349117108
416639.9118876494;634080.2672722645;467078.6856364682
759941.6408257121;429892.13893574587;361790.28164386697
628712.7795730801;503357.2817132896;379208.33747392346
355522.68681979296;631287.254621125;460660.67731991556
510751.0001840122;694055.6424399652;210753.75189974156
693549.3205401708;674412.0500907114;340773.2390737804
498179.8953463824;33762.20541122743;101064.31496270618
317427.88858573145;936018.7569782069;287541.80524790316
811771.6358017931;164309.39817919087;479933.693917962
312017.13120335597;997457.7954489003;870297.3234278207
511975.82601052325;403092.7503184428;555939.3272274877
889947.6998281917;816764.0437077323;779527.465211782
451872.024927376;156793.46535445304;868873.5637478757
513630.84271777305;916406.9419851364;562956.6371525038
415656.7297362949;862402.7443876271;306141.00177694
590170.5928295581;367764.95500273985;496705.73649508995
574846.7796847356;988538.7700164083;308078.56599854055
761144.8973390113;602887.2651878945;781523.8085116587
268424.58700471785;650911.1912592455;730092.0279562374
942591.0069476514;840653.8215565423;753109.3569408292
191335.55506444265;211702.82221265146;252083.67229994398
100787.03316132531;276376.0286228434;469327.3641160894
249291.36873188018;264815.9357895733;336611.9375621703
122766.89543143993;216920.60074685316;864641.9590580814
811741.0132729345;43076.12517463111;651670.1145921501
860166.6311005956;292524.4731788634;809870.9105129493
532.4967364197519;308838.1030462802;267282.8603044969
820708.4239046905;27360.439152043113;984378.6613655471
133990.81576184378;34135.07760251555;562115.4152603892
959448.1247575314;249611.23571344058;807801.1864665126
368947.90095762187;119296.1320771525;789695.2669488379
677408.2511254996;436388.6686477077;933872.9587588788
690905.5207084835;977686.9040583482;843987.8836192776
242673.96044234434;346012.20306314173;921346.3135759358
741559.6638761003;352415.5841284814;856524.650017763
865814.8320732412;697772.3818619275;898328.2522141365
566160.5061280382;992426.9439572882;188439.1213697767
83188.34960597089;731852.436390788;130244.97027171832
321463.9537728228;805300.7079298802;201950.45697381918
120669.10802368491;679901.5863266581;165194.3319453203
65413.17778938871;933014.5306835024;875374.9470478921
170187.95114425223;508078.85955320485;48640.47029987539
223995.93076852764;334720.6531031992;504270.1639735119
987630.848560128;659099.2755629532;917622.3202223525
834758.5645091233;305619.22721816483;59095.27289129724
566712.0248278503;268649.0902970185;321923.1951198639
412266.2021690691;801019.0656987921;205098.03786301683
119845.9409092515;44716.079922029974;577482.2848051804
21447.51701446501;477709.28660086764;49649.81403101709
410053.5558838665;664041.4544241449;207819.6191645165
383344.52379848313;926343.6746648499;487087.6051539436
470487.3095704197;869029.4975052299;631215.8668099447
258649.57609172855;53434.28565116981;576331.5090383191
394789.4877011546;361620.85962500045;920543.3058697773
746977.753485613;847241.3449896948;919970.1596150055
667896.1922081033;324506.2495611798;3878.6395522423245
286274.47835218336;354959.32287119736;730443.7009411384
961410.1518788368;582124.4150112687;142363.42272458668
570435.460761642;332774.4976434649;966727.023610355
334530.99431037717;972448.0712848287;104373.02647324475
580363.7221054164;964488.0589036824;368547.30040589115
876453.912826199;147642.2347677052;361081.25498290133
113409.3876343476;657427.7065839607;898136.2949305888
483902.3991773318;151225.8961591363;605212.2944300758
414061.6697546182;148679.1838908893;447568.89912708185
844136.6559980147;985103.3754215809;465391.0468916208
107997.46251997344;721876.8030878005;316369.75923865265
389575.48235046526;26070.000058850073;394509.08295863785
232261.4168734246;831880.6860285348;88282.84185201373
489987.69435808057;790349.5897645407;262128.2749089876
796666.1843524142;623440.954836911;278362.7095816017
415412.8532483049;981819.220493348;134070.885682954
229331.43954998092;393284.30840923265;260690.17464842205
718068.8401520463;103398.57053678247;489638.1307488581
993642.326858111;144104.95390597833;571601.4009344671
157861.22485261434;533399.6422038057;592713.0162774363
713794.9327796322;582674.5225884258;959849.1200693278
159261.79750183856;829406.0225277697;262714.41316911083
166903.85890124226;211654.0810653903;45922.72571861366
113411.36559315301;514577.3065684714;429332.815511833
212613.6223018218;649411.9395937627;688300.3136483564
296893.31838151853;845884.6843993636;612848.6530476373
79271.98252765744;166234.231027387;62406.53054300993
353133.95599000785;779210.2011785909;99432.25636139308
719331.5747150526;642595.79771106;654087.2549677307
857111.3321490989;455344.3665412896;240816.46439246874
779197.9613892678;534167.1942975278;47708.63472288012
184906.45704214316;181292.04397578802;382270.98049865937
811247.1184128074;825068.0853864674;655926.3825670038
738142.9580676762;710128.0130286767;203116.09943338417
535499.8092008218;707862.0979723064;437648.65936362627
243760.6396586517;836249.3974563612;745203.632132832
876697.3330011864;403688.4451267007;752861.6697066502
36690.02119513776;636784.913881736;738369.0537835434
422533.75084110355;398439.5912345995;571524.7429806761
145462.23312907436;272039.74239072436;536107.0059954773
279748.9712203387;382661.1735379597;517181.27031127445
577327.1376204347;622480.6145196704;281507.40423426655
853387.1895227501;888779.2138389843;153735.80186068692
126937.98760299357;486387.0671981417;306117.9970791615
148349.20791611917;300212.3110345385;697808.4309359674
705482.6530272564;235950.646313689;319304.3484611891
753631.6601028786;662085.0299713701;478949.2348492741
468203.2058087352;670991.3700139984;989899.2396496552
139207.19971555474;148715.42192036324;921730.3989114121
442962.4803772201;786270.4689864957;244884.57216136693
899594.301683305;434414.768604103;67377.00412120095
86784.55504495419;989691.0142388091;492893.7871132635
351841.992552473;745591.8947460733;957643.3055840778
344181.77811005356;660495.7566598516;126927.27163245055
279098.42936745944;529890.4906935935;26689.570887242775
611484.917638154;398099.97290014;415566.4438025136
955584.8249082091;393840.0217436475;586197.0963531956
431000.3879435369;752899.5500263788;296028.3694191741
131131.86986472202;940548.8919349925;226097.56332821207
97819.41018176799;537516.8267957675;190961.9199362842
295621.56364980387;411166.43884905503;172809.37927518203
357860.5706324004;148670.16799037636;645286.4814439326
956304.8961877297;253822.82903140152;122994.62323545585
546487.578549734;281931.36459077714;797875.6925224699
692787.0651673647;277060.4150677395;864900.7838079046
293975.33322339307;115931.60849324557;781707.465997411
83231.79726962604;546255.0365777407;884579.6577674508
606788.8233318027;39406.84252698623;219158.89250337085
187037.31013239155;890139.8746977643;600762.7866586932
756006.7390908004;600638.1632334396;623078.766354842
141613.23830956707;35969.40765680856;570418.3635008744
563297.1594176182;963708.1697065487;292414.1628920814
312046.700877577;690763.1853141765;941828.7298334439
726410.8534776485;77241.62872895213;295200.69643809565
350496.3197723311;537384.6521458272;708007.1181007541
505449.2512439377;683717.0388687161;279934.5155755977
819729.837311902;373709.64461409353;750108.4520319292
693521.0673099051;538966.8336671247;164127.26940195964
100636.83767539533;925302.9311466133;653036.3052075412
303586.3356643522;199863.20795390022;556262.3853624662
502025.20128086256;201162.00769422742;79172.0917760752
806522.4302941614;729149.9138916484;639792.2780114396
753360.0244434687;67521.98591034386;468115.0312703639
76303.66873180505;470035.31180186075;11076.188979646462
99327.70388428324;859718.5060064881;529414.7185112975
450045.7386658956;303655.2369483505;892416.0611541629
180406.71782651363;407684.21156460635;940934.2399836538
618392.1052819404;241155.2367927763;502777.58338008117
85219.19505137943;769778.6501996617;987816.5701911557
296617.1755981551;505841.33495607896;255274.34020743534
667549.1760600365;67871.01595598155;626508.6511169105
251006.05662810005;522150.0680131902;973085.8267705496
691450.4214197065;477077.02457476285;273385.2831983522
308750.44144861394;717973.8197729021;311239.76968599466
54218.60988629512;693021.3308965942;818086.3819418607
43381.9341591547;561718.7169968025;437597.50322977244
536823.0118224403;181951.29744667982;486103.48591134214
646554.2442005248;22742.96507623319;569282.9748676461
844489.4128706731;11711.738121009563;395243.9742869993
472385.4911297015;434393.0092800492;612884.6003820867
292951.437976975;73615.41047559227;499263.7253523484
282942.2679925472;713892.3975065246;747082.2867129171
439242.9087503583;276882.16019471525;324426.6774241199
745406.4569825054;827415.8870135599;66783.26720613192
345292.5031737561;236575.85433914664;125452.59131480768
179213.2313062653;938606.2679883257;998646.4016019987
104976.46889413314;828890.3523814923;151633.68020935243
633956.6669473599;71234.88253491839;850598.0147108053
908481.7960395499;213287.62783782763;191539.74373188554
69471.79839419904;228521.61527546844;148355.1676537096
774999.600726067;510585.35322501045;338279.1622901945
655198.7301199352;804316.0042167904;451172.18852057925
496670.2022631201;108197.11901409335;910462.0249998028
30840.53427251643;207227.8303864188;885693.2918565705
794158.5306158863;723426.8952806388;385374.0866755029
937162.6433691431;909417.5514852373;217932.67827123895
578483.4663617745;591675.7743883864;465383.33447789703
752593.5698310649;97994.73506009959;326035.5154339513
71996.66885632373;814256.2554761535;983296.2340937866
473758.4024845366;329848.6204295509;338283.4863916668
694341.7792280088;102742.06781620687;393366.96639778814
444613.80019582075;20433.770878066414;592000.4985483843
366142.6899656476;843638.1752863168;770372.7189225121
975708.048697298;246245.0924459828;335953.95928497094
352868.9816481896;507465.516125185;659759.1492702421
618484.8376963523;223425.1892937541;223802.54313474378
232181.75234148285;120504.86612361633;890239.4899385123
762662.9429853123;545118.6693786914;882732.1629200055
729175.4698544967;601913.5710300183;64881.80647378794
871275.819790682;871055.0556093719;906761.282040252
839003.9550266955;931965.8241211693;313143.49109857966
789050.6655585598;338618.7047241974;384906.4931848604
693180.5371469965;542241.4937675144;585623.9857197948
740450.3518016461;78200.2327006902;938607.7811256545
691015.9856731974;459321.38085637643;364428.0645365181
514162.2612033938;745243.0194276591;263008.02027892775
385507.3328881242;993435.5231956225;830761.2071836453
842683.5855323031;544343.3169015582;528661.5567881817
750030.2802372419;436984.4685109368;73640.373136166
148089.19554572052;568753.4458478814;386531.24697074195
269797.55104991875;61254.49307074016;220415.57984974957
468254.3503355102;683592.9926307241;296126.3826501623
484281.3289547867;647069.9774689741;510226.33370696724
594655.7862530121;462351.3647589921;845915.7099341593
912258.2775023995;167408.26889833572;805745.4999862735
221281.76435171187;421886.29877075856;893735.0208068436
647543.0936507873;619607.1922964196;723406.5023070113
930555.5212153103;325728.521303328;617978.4838676414
294610.0273484917;312151.06740950496;276601.0180548477
123336.01590724885;147584.36047736634;803752.1438382629
100947.12630126557;603226.6002805654;876348.1254135614
766657.0562803794;111506.00185171721;107357.45300669309
962590.9351723114;189856.68436473058;850413.1899242535
18910.436329474644;885242.5749023717;539397.0357503911
918990.4592419098;299483.65774558915;796688.7645522786
983559.8342558465;827293.8820865797;475581.2503315091
565923.6540717802;823071.131053465;641004.1136551978
526021.1971870608;889805.5735303765;230360.29337702203
819363.8199676527;586838.6208620355;993467.5370938687
584460.5774107141;310741.06800255063;678466.3546918716
149188.52239453507;956967.7829672068;428343.13979217707
577002.4888282623;491373.8665668336;608898.0984950287
61260.090756160236;505039.6182366802;303084.2636280636
472992.6954239184;940843.3718723487;587999.6347800338
721124.367576798;957513.2137961519;935709.2481273242
609214.6367456862;640483.5387543929;719055.5269029194
892892.4696680654;101348.75307112212;241633.38630735155
22506.541777665978;60590.365263246014;929946.8638254409
861273.3872892665;739333.9728162001;803347.6642875223
605751.9238952002;461858.11639262695;293587.55097561964
718250.4213817572;303244.1867826378;235865.20858905246
843181.9502592123;531618.1479353169;740168.538549873
106587.39199802525;535114.6113118245;653833.3490557526
502897.4620286569;159436.0646619719;432811.21599330363
213835.06287139808;237662.53773495217;804261.271964704
49818.54534176788;976102.7611466518;888423.9120125619
537800.5123450839;498944.57787386025;46909.39869494637
997517.0622303257;126304.83916792668;974634.2330777652
701398.7469611688;807402.3662365287;849964.6004174104
663281.5955455976;414412.20773959876;224109.7447796664
707646.9121623053;182732.305407039;922658.465241168
800920.5612880287;754166.6811530525;35933.00603857319
821681.912734098;351096.7182215593;288576.2931888345
181399.0238863874;389705.141883932;689813.1463886384
404491.2916742519;114647.42995253197;628386.0454105721
460437.10515418276;158639.61330458443;125329.30642155283
816263.1653879738;187220.0493663615;65394.88659063897
607725.2588474308;626743.9861849035;758283.2800183517
383548.6286348708;832366.0249968433;849035.685650461
327008.6073568228;840883.5356047188;226776.54078967558
83690.29897774027;203524.50657604303;80323.26952830593
344692.12471942377;943841.3772983135;636517.5592493606
310385.29550429026;942201.1099620652;688791.4940330978
244074.88831953073;111392.66834247219;864796.8351859575
814347.8636562931;774973.5757878827;427222.3732647811
309879.36269229476;146616.3038099485;3161.9310510655473
456384.5879509867;544538.9624420252;36338.156257364695
732464.9469265011;227361.19451181413;525855.8139689083
971337.3480565347;163433.87352284024;112913.31465678944
891550.7125914901;625604.2607503749;715516.3967609704
258739.35998879216;617902.1333805696;164102.9507497652
41661.01762621355;141714.41125596917;515598.646113747
137169.4804803978;320621.3791203251;913342.9319949577
15093.122384731927;177106.7688457646;177394.06672926006
118122.20698910348;422066.3592242806;299139.9755465899
727832.5024324835;490654.69677157456;758613.6898412299
396657.07531343517;54366.03924695227;512592.00030916685
158574.66853921997;938656.517015084;902729.3070641872
579233.6203206726;686732.0185496248;963380.6010757925
187399.14280358105;42137.39493029334;558950.8192143178
746819.8795020257;800064.8064405387;83124.18492935869
583677.4151452582;573131.9008117374;172904.01244810104
927932.3593950815;427512.23507822334;966005.1944157348
613372.6053272038;470864.4587962625;566553.387012881
756161.0747237788;565920.4544963817;376834.203999167
501021.832878726;142992.22050462713;187421.79707840458
905479.9658163886;789455.2151809213;713798.023879024
555199.4407058856;271718.2807676387;986313.8335662184
76957.47440182477;147220.22146912583;357122.8608308764
568214.1929497427;516160.15039646946;484778.89529265993
963563.9655581507;67784.60769894424;127591.19095196092
874031.3143629909;400554.7435250705;574823.5643005674
19062.44239597976;152381.39552731268;279102.9864574034
565883.2031961022;666707.2674551656;430053.9569231395
916984.9607160761;216968.16855510947;440913.0518202587
18277.205419486185;67077.36971147671;197226.47218186295
237078.21281328468;240786.91829143072;792969.0810626473
312883.31213339616;688028.7576767509;841779.3914204398
245326.86989691254;196593.02568908964;209000.19775647283
869166.425114077;729765.7324213724;377587.2541872386
965491.0305515586;274499.6085674313;794672.5446989484
749946.7276351439;558328.8525128742;936037.0995287372
944919.5067401989;358721.41750023555;583082.1272752302
46304.109622659074;380032.7759386928;116683.03623701981
383040.051251719;701734.4689709338;357547.59923146985
164259.85811432064;624178.0036857262;969487.8167689232
598915.8797515236;655880.8349101234;675461.2492856883
439696.8042727458;716551.8998582654;810153.4123055311
688996.4636280024;217027.1573741367;237945.98521826838
178702.6749176134;286780.74480940885;571365.351080487
81411.32179247135;753070.9710613433;197554.11114073417
515306.4057611388;557186.6182504714;321660.08161088865
36294.99211511078;67143.27405208476;588653.8556574008
450677.4156296972;810127.4391598883;132207.2145108215
173656.61933412746;34904.05546269604;3579.334929534772
840421.7716281615;43284.42994961801;150470.7130066326
763909.0165828203;780579.8391713519;100016.55246832519
996997.1754494972;284947.6177017638;613515.4152883104
6743.564354714682;201203.253187063;380155.81905841647
958558.2537981208;139947.24770217825;781088.990027462
804757.5554112565;352363.11348374496;708115.2262170457
750532.9250079332;437011.11977667484;389803.28058712377
1552.0589603787994;119415.18018845176;337750.14101368363
770048.3862523995;545154.7622983076;958630.5025638017
659385.0509284405;684182.3666033911;35451.95030122827
3797.9564219891017;45411.722378651655;955437.4287085813
791956.5974829294;199524.8067585943;609688.7270064922
438346.827567322;590093.8914699898;664017.3144216795
967917.0377840708;196090.7133471417;454651.31590804696
749558.2405076764;443502.9420353384;835140.944889091
796119.6003841355;644182.397948127;125376.94442926461
138428.44762708506;24934.127183118715;182836.07054287332
27688.890990796743;493811.62089781195;704806.0071284238
694376.5654051612;936813.1121074435;816135.876369228
388697.47303864034;179603.92944929094;178466.99988652614
955610.4405697891;544548.1337056558;887495.6764392593
399521.5582214301;680429.2902793451;247922.0612200781
465768.80049253686;36961.94269713871;474378.0813444988
529827.1560228815;413400.2348137873;849391.2082520445
317474.2439413369;834026.9457292694;246958.61955575272
778398.222566321;609778.0704717406;300608.4223542425
409604.3632503532;411512.29554821324;698778.2836675884
496292.4792565107;203104.27445142253;771750.766208647
936992.8675357492;553291.5369351193;921942.0907835012
819056.79079424;67921.38696799033;748651.2054324073
156579.85405052188;569121.9158873988;163556.3796470585
630917.5012204367;669130.6263172615;870197.362646883
608234.58014504;886062.9099486598;772206.2898842201
228667.19756280762;829188.3321781785;257799.83286200414
62926.72024871549;898253.6823482459;232670.9866632044
394580.49903706624;656150.1026557155;89687.3783286587
28553.424534372927;842255.2815719693;981207.7321299089
774385.0055074214;677114.2794858075;938711.2563882404
865819.6912600426;462205.40625997353;973023.634098523
503379.7927443233;147044.42671376205;810252.0733805724
930320.9690405818;642486.3137596828;348287.7503686237
121330.69298952093;669655.4455069336;534561.880777842
466017.4268639194;483980.5798863691;526715.4765074522
222206.0116288299;558399.0787638259;925884.1903544992
385326.07732374803;346329.06937804655;77490.91755868943
809969.8725965506;534521.0233675978;508469.7195738556
77761.74908904664;940159.4412454718;365204.11458211497
812305.9316771849;602136.1727470348;58402.24868001886
266668.22006708215;939763.2098021064;979379.2519684995
228936.3064987353;464992.4406037095;562774.9753865307
151353.94960153336;40785.763135694484;733848.8289397921
749140.1228939368;494292.35092305014;723247.9038094524
554588.6677127618;807095.3585976824;491893.5821103998
39796.114101736224;48.21417324119004;919175.5865088195
623287.1274441556;152176.94095693223;262040.95839422647
64359.40897787162;597303.4729687223;845171.2278662104
853216.1169288486;503381.68709707144;974006.9051603538
992453.3804288254;541745.9749190713;849341.9961449996
611221.3475125821;949219.4843579858;321081.8814346441
713592.8012379322;604105.0542060473;225493.19109144728
75772.10018701397;836171.3500721223;49675.65789956885
368933.86465564393;693909.2995599454;661160.0221644106
878630.7405650641;41225.68263173343;114600.15502330534
39508.16032698723;943622.2023022393;886337.7211020944
811528.5057962281;642870.6494875933;108550.0802011431
688685.9048135529;799045.2669350702;10822.801138907324
350208.1232986618;378659.9890317528;704606.0703099961
187849.75051942666;778830.9394845753;820777.060222799
54216.68910287958;237698.99890760425;652945.4236669224
806898.3410166976;508932.8742866679;824701.9332823373
923936.1522618271;868027.1953244582;547300.6983915543
939836.2308909228;925634.9180083303;604452.2706319502
44692.78055049464;447413.16014088684;328390.9045513265
216581.55554667147;117899.98861480267;762706.1619976134
316227.0056354154;936805.0279855448;313838.772793655
995317.5842062683;276668.7458663238;548220.2061764466
226243.03124095913;449021.9932453343;305600.4441659469
439148.2921776417;77970.47423640058;937202.9614174276
586754.6817648936;50281.38608018917;176307.24206686887
7523.33392379223;548249.1466322885;822975.0618335033
168012.3919259434;709311.371931409;908696.914527767
437639.24358698324;109118.05619356263;114258.08208166488
912554.6384308166;390236.01384257333;84257.29144709681
752961.7596101402;309569.01554865047;854208.631052611
893334.5070539862;971989.8142987031;370811.160390034
817328.5452110356;342821.685981339;206233.13682108602
529347.8372176747;29634.818826648647;854741.3606366304
239846.7361361951;615790.166414925;28135.68820735579
87601.04276237756;90700.33645564913;920524.3819672785
695605.7856772139;923969.2907715242;491848.9955391047
779418.3460085416;777602.272833202;386814.35790758545
668428.8103826105;826988.9867949412;808274.4323898104
878912.5596959422;844093.9448621596;419455.51059338846
31984.799368581895;865585.0927941948;87613.46060743269
929445.1122264714;744251.3669795594;635525.803920784
812658.6460665073;120061.2999767876;539115.6862688271
54887.42087628784;468004.6981470758;677471.1497669136
169070.42319760035;319054.0425133335;106683.54024423154
303406.5336574613;415513.1603511522;839141.528151256
192144.96328041807;112577.80534333072;469531.13770240505
243960.11146330132;154920.66396674232;972994.455970332
924808.4480215686;227316.797112902;922405.2245404371
647140.806605918;299010.21447915386;894830.9303271312
257682.15863450017;247964.467897266;892366.8334042438
396122.7894159576;605995.4096754523;663736.0495558524
805358.541528445;431319.98768953263;227387.45129559067
345652.33375231497;93398.37754027147;371629.14787665434
273098.0315065348;512178.13854004437;162785.46503799752
976814.0438856687;430894.12327935116;267245.5832173073
940094.5887262501;617029.0189344687;946928.8932721749
735555.2338591818;482313.4439267216;850576.493530831
550001.7847916796;838245.0899491648;786079.8019412311
393641.80370257073;127013.79184775174;71625.1601327198
883794.7599333175;126400.01977819715;944747.3441825932
142913.0109992275;777048.3298322397;71514.89598036764
423075.58700745687;740285.4457061554;506218.752975376
495389.1915367318;86312.64739669998;626983.689890887
286324.5062533518;698264.1485042812;45640.16520125535
795507.7119093165;793242.5169111785;329898.51388460054
543900.294982063;508789.1426949552;257503.26036954575
810424.0178480083;3491.9291958213084;60438.5385074645
551254.3584037125;456391.25922457525;604940.0798157862
626144.1581478094;829099.615852669;508590.905941
677039.5169505312;62962.644581993074;811869.4038439952
13746.01904053252;310047.4119924121;347152.484695936
677629.2448110733;541037.3071420024;965870.6090289587
711250.6174240614;358702.1144780579;472434.01056653843
266732.62101739657;354356.3648200206;873810.4751966664
173878.30375048617;73888.9150551687;111331.62533539564
315151.39983731974;636393.8943820867;551018.4712173563
368811.9908318864;653019.8506865043;751918.4459905782
524056.5237515248;978854.5846227392;671629.6270794173
162886.35933811657;306065.84878305055;335254.92345797224
675335.4102179024;889730.3490432455;613627.0567335748
575695.8168783084;491479.07166798564;781674.4225917329
783378.2298887181;122239.69155594861;358209.7655927756
239273.9154010556;923863.3752662848;989915.8941704561
946674.9056869077;258647.61990110253;731716.4703647911
414439.2886926753;950175.8476908104;452646.7171609636
648499.1771059654;233294.8389516717;407477.3435291905
707740.998204228;194340.02102839676;191802.86711276384
739773.3044267216;504089.01524952677;589919.2038509385
188731.43776044954;93050.3338264289;492000.43080714764
199047.08200326472;858885.3902414461;628773.1727450698
879894.2014069645;567895.3638578878;855915.7686439945
633524.6122089726;436706.89714190556;612060.7270343004
323552.0886656779;509033.71288627083;532508.3447122817
798291.7894057902;94470.2478959144;683160.0588044405
833982.9492694064;484764.91105489316;14137.79732469378
933352.5258927974;631057.7720072197;893329.9100510861
13948.09223054816;995726.8346827878;713877.4845953367
487917.3815278517;104302.18395803748;9260.913826813045
231175.73122505398;101304.5861491455;471453.83902432036
18238.765147559956;602104.5383921437;75485.67597602174
766882.9189742999;664491.9165082765;542330.1231788425
78990.3948796783;651704.1210347171;216376.76457765608
254651.2364378949;179366.6798796557;185995.49945886486
230045.72973757665;723456.7300659331;737662.2364103569
790650.8678553649;31779.375324407112;433213.43537530187
643130.9213375021;868768.8829563691;434826.7413302289
641033.8608911207;345775.05973554077;317103.293812077
599685.6296201134;20680.54611295589;540275.3457243765
864176.9692983789;605130.2255558555;822697.8713787174
420508.3079275211;239640.94570872386;290795.66544027824
321909.9489038435;375805.2570868049;476980.5972198834
825466.5768666768;46245.30768580826;262882.8114728545
317012.30948139145;798512.9562618083;930919.5647484349
447453.77336965944;14551.584596944722;512481.25484326645
550849.5708356972;258260.666453629;733590.4616982497
436297.4193362802;207059.41668613936;232050.49569389646
954809.3226272456;799672.5064556068;895146.4642799582
186534.32933133063;396692.01866282756;976894.2633387953
42370.69245636138;985969.2939203167;156602.66044117932
160946.7057559556;922516.2222177582;500302.71277785086
613240.1362217282;359807.7238731628;366559.3514705651
537300.1175940947;447233.9562842432;457642.5120747937
332806.0044656065;144605.92721777476;11026.386266173915
375712.31087375665;787417.6073281646;272671.2787763969
337420.95196361735;645202.9917116861;607726.6104731633
253104.4148023366;484364.8856926414;151598.8916990957
190802.395807666;285422.4587533961;331798.71090816124
289924.0301035936;110147.31704158176;716400.3854864176
241007.1390080404;947017.5015221699;30553.44646987701
610966.3779972866;197966.11921732067;114672.18932466005
999912.357686762;89947.66275637655;934830.349041193
45092.19756358374;604899.6706581569;476773.2366879669
941884.5904810214;475270.5514484753;789440.1823528808
567988.1302093357;30132.391531656365;850436.1275735437
547656.4080841445;198785.51749328565;439218.79109294113
818111.4087195476;913813.163313537;996331.9880368117
39130.41642683135;786489.0711265185;789373.9125905326
126484.50039251735;845136.3527184797;111296.17968810501
959629.7557999181;62973.52709186077;792277.4102844347
826214.936368861;756666.0789465142;177621.84371540113
103388.79401383395;792293.5585008193;851128.8248190057
63200.37595487704;620109.5197448543;540021.6849614711
969731.1490626826;230256.55390848877;304836.47857471055
139384.31024239206;622436.9847411988;764946.085989895
484571.67542894883;822018.5265696321;495577.2521266837
574283.8576811602;361924.7880385432;620778.9437410664
246741.08455686583;713569.9895142377;298945.4873351458
354890.49141383043;895367.5844736065;915013.6931068581
321974.9381594886;582637.3719254683;357370.2755013005
784476.1008335667;629809.2798618441;671442.5704310096
89093.14364395538;612842.9777553013;778542.7910849032
416856.29984116246;707429.5871398895;914840.1514403111
856421.1951109832;354459.0055059581;456936.8990927326
338391.23263552017;675880.5820378124;695490.6051031989
281993.22835353046;961458.9624225602;490960.2390131288
133314.77152277427;410105.0162934601;269404.31053426006
283554.89196067787;823464.0941847257;566251.6818501129
170884.3714834828;485894.12619072146;183926.51598011266
466419.98702362785;278095.5110088696;726076.8099074383
744672.6845281513;664563.2464567197;529464.613488887
634366.4923487613;261176.97180511622;706763.2111598515
13843.927918152809;207051.92945266582;871963.1439469155
632330.746127258;186352.47251711605;881929.2310841916
89628.71789623616;973062.9260334008;334346.99986528326
678437.0036423306;657793.5717048687;101089.73323250315
83470.97537651482;930739.4205780472;708885.1545064964
152907.38046449682;661145.3481356566;704459.5114477867
282521.54555848386;201490.62844628675;169739.57582965016
116962.25290805695;977922.1298605828;811409.4849241443
910031.2271775522;937293.7061478292;887884.4011573022
600066.2937377584;340500.27437909803;948842.9176758258
79927.59073152456;595178.1903969903;145746.69202850177
191488.48619425308;903049.3851472198;240982.0923668077
468520.00386104867;396491.70999186166;767292.5760966331
663685.4029670047;679395.9431970598;238494.95684434564
318501.89451746625;236663.2571598042;84166.57369399727
905978.7357933895;592243.8675751609;477260.7338667031
866660.8712320641;349458.27850156795;204481.95957022352
202538.39949188934;192190.1169214506;40260.449460477575
337575.0143350532;578167.4584687658;675730.171500032
507410.12256412243;297734.02398462535;652723.6230320812
583622.0520522901;321357.97961109533;584510.4422558049
546888.6729295622;860989.5021419609;312.45553231584734
917467.9889811961;832722.1670100563;484050.0056904213
822546.1069677202;747423.5173305869;322400.7604142053
613840.42867852;201820.50034096255;364511.7857251099
900950.151007386;161407.09076390503;490651.4080749317
66918.1907103743;763278.1953611578;590051.8583908755
330285.69576705294;954847.5709690998;5368.5857336250865
36875.31859965554;595262.0411216737;328382.2859878205
541129.4391136374;289501.17731571733;798211.2468334523
547518.9035254881;88881.47259790791;622844.3424465519
630832.8030170187;272834.04859639116;922444.4984032486
220724.31698858042;701776.472534615;120734.34721368115
886940.5232847077;407062.88466630003;88911.19429368665
589560.7143396249;238810.1653708784;190727.37464592792
248116.89665838677;502083.90167761187;244128.4020116523
832849.0057558756;228111.1198784511;429523.0665865915
880382.8613195862;656308.6375133689;273600.49409523915
775617.6065009614;717868.1161903088;743600.3403816415
38737.031568360835;446344.3083538804;310938.05676985363
175177.52827048127;465959.96819538;719898.5898899719
113798.66410260565;565456.5502412335;967672.6622312943
765916.4274295557;894631.9121071597;225181.1413007867
503419.35741674347;205748.6196472553;603980.1858944006
288712.2767126128;471294.7511170619;397552.5591301129
210066.67633339248;768057.4462935281;610433.5578452029
342027.1135117956;582156.9037230248;775275.4406978773
492004.6922514041;926136.5983252224;48159.87245607767
470450.20612058643;873474.1186675106;815120.0538441356
452170.5071278684;209668.65977550563;610023.0995746295
410185.0579621902;125323.90339606292;243235.92054703546
491420.27972095815;312428.9746661333;464257.8080756016
108788.58643416157;711386.6508747572;299797.8409084087
177331.9072174936;693920.1514006436;973450.5711160225
899121.3323082641;87677.81962214016;47055.461299113085
625556.1601235963;726151.7193580212;829761.6281090102
213796.23455421103;86207.73218028477;648316.7634558119
462277.10169411585;841557.8643855382;217251.8142703297
902836.6683216082;952497.4048920542;960434.3001682856
386563.447948537;565788.512784745;59617.46006824997
189316.90215398723;482931.2513722329;145486.9094418152
342126.02766037016;724373.1257310282;790471.171039949
575043.515020033;129928.59762786468;717156.6950000414
733866.2708782288;145725.19570570174;712282.3209941736
98420.54400304156;200044.52702661313;725010.7490659297
763304.8727213864;306415.3590219967;845403.0015901722
780607.8112375524;921154.7823106658;737558.6407889109
363411.7207688509;287837.7299915139;174035.31289298536
872641.5876168731;974409.5967084614;270774.7252386373
54899.18744714995;947049.5894817574;816833.8822616119
142285.11008068157;986221.0014029843;257952.2096785536
612100.2103706276;97136.87619625345;999990.5836788454
998591.0421580067;738188.6824434211;124224.60310124939
54582.40235895329;658575.1174356918;867123.0118103037
800336.5116260286;295269.1491600977;319761.32521797117
889181.7711183211;55589.8352199351;682102.0011336148
162051.75537975825;139814.3541803467;302756.50272562704
895960.7362714664;481845.56501369557;155683.7028663096
8344.391205483247;219176.691684668;289125.78692944814
993190.2444786857;262680.5195164336;714093.1661574648
505739.2559412675;298945.74830976094;168406.49002643093
490846.7199990769;447297.4102214435;654601.2026357631
551094.5509111872;119184.87586263515;822383.0886751376
331112.11482040014;132769.69154031793;519955.5143663943
236280.56926082398;344236.02208428195;280721.6352066577
37551.083045531894;210337.2186177317;92181.9569355048
722476.5437682804;486233.04794328834;808614.3752007243
780132.0126824465;116840.02988546526;753330.3821242221
676529.3318638945;65628.02587796423;798366.6692864745
77358.95786288605;638801.6334877403;293466.56055957265
105229.74008118757;954332.4540721548;904463.8033695561
205122.89337207747;932195.3704356547;43583.94889180073
2070.7864359346127;153525.79367508867;3072.667982143562
704243.0324831231;326184.4067223615;690771.7878497262
729683.8738982172;545624.7252810306;904138.8593086078
864673.8219102784;625047.4159276348;442618.67337983043
330420.8746940008;360936.7215566205;453278.3210603175
641978.0772930793;327163.79948501394;710622.0683588696
223790.29436672505;629944.7487301775;280531.911169839
382815.35527347855;400060.2823793401;384250.3140573835
213979.41394029808;184741.05873416524;912284.2912083267
608914.6741264963;263879.6466185003;855055.0948929422
454261.6535369486;554252.9330436506;591265.6730475399
687341.5595156383;258549.13873907237;606764.0863407612
180671.37284867052;976203.9333293897;425680.6611840372
624686.5969453582;884334.6503987457;827670.3050293213
504855.82705524744;202029.18026977457;506488.47205816593
975265.2286390815;791223.8088390878;140270.72235949122
954510.8269829997;202009.05676692704;520858.136308967
108329.5997173448;24298.507029806406;600838.411603283
357344.7697586811;524756.1897240931;514112.51786808134
599100.5132712191;351019.0132350548;832280.9340810209
543130.5572025706;159645.13125073598;261784.73949360504
172963.67919004374;489098.33742546616;239625.6315294547
287652.3048838034;455607.8715652647;371002.5091923417
436446.56883540255;209635.52048363065;486067.7317802085
550065.4234794205;616266.7584845375;423844.9072209671
670853.9198651842;935781.1069162649;828728.4051305224
649995.4144676502;712952.8239461198;659419.6521915087
282524.8163762427;919493.737893037;973819.9107249075
356637.50982344314;961027.5913447954;112463.02865683955
69218.05797892211;797516.5448190487;164034.41704641696
872258.9340889227;264525.6703257172;873019.2131934756
801384.1256993415;26994.09096683858;105065.24369054404
464203.6731318817;308721.5832185316;763014.267257415
220555.4953908949;737047.8854529953;119131.07292744785
74298.38202877891;14031.903970923466;150276.3483765256
136121.77344932107;479701.74254152674;252656.44250677933
601289.9859578821;239097.49761500864;21053.527265913584
481108.973124486;713754.3752628111;827588.0412843988
209822.53235727467;618915.6444970972;207309.6294331842
293763.1678849507;445293.8810846678;185341.771360669
622555.0033238049;375243.7527068253;902553.865334143
565586.2473860115;212011.50867945817;50946.5621623747
137970.2660486699;868842.5919303688;188097.58342005024
182838.0518432159;742665.5223849086;401922.9285006042
464634.874875022;484622.6277593684;401916.38410496135
563211.4874419578;709209.8788124373;679617.8639736017
241811.20392568412;740311.671733511;713976.5145640235
914926.2963884365;905237.2142706527;989544.8036496338
338788.82412152935;619723.4915512428;777455.0595630299
680833.947247727;19956.04975310794;539019.9465360314
981586.6815376962;81020.80661001221;485875.4465348689
972422.2346327181;115038.02325098567;758487.0298191218
420408.4777357441;712283.7765150922;864634.006429653
627693.5181575194;833214.5374108359;741498.9515610201
248294.4243369144;940060.7637794226;445555.7889181364
738393.6996998717;49580.12563778824;67178.97321657918
354161.93068664614;521614.17284490186;844490.9145144164
137144.47067401404;807839.2108890528;254917.01051347848
750879.3514286726;508991.7694493246;436398.8883362681
592868.7637731142;640872.8479662285;875786.767101077
624425.6046787371;707576.422604649;72424.57220507314
892619.0241622183;758234.8646972359;81172.03020677355
650582.0546016017;408790.2898542526;466143.84940534347
427443.5638377252;747333.6868267211;54998.24629718553
120867.8817732225;841959.8846647079;558305.9701304327
231498.6469754716;895701.5781668779;104431.78304402933
29743.993093216737;876640.0824488844;37886.093923896304
189699.34267380706;930980.3719735455;937138.2823376054
512887.94708875596;181276.6507728485;977008.874525407
26854.357601380663;992454.4376998316;199193.9517863499
902320.886373879;732355.2610493286;595519.5366288238
678353.6034405306;792317.1785999739;16435.082575113836
753313.6082509526;922323.8881493007;47312.77023821579
736428.6185653599;806631.1425865559;523347.2776896686
224838.74696901807;224107.88903191293;722016.1914502009
549324.4469551619;422412.25654575997;637439.0975046168
232425.80778040423;650785.7741501399;655894.5354373944
783765.5457928767;422578.8222068351;397184.02754087554
999043.1861809342;777707.6203028412;740582.5887867273
498541.5837159017;292942.27807193797;302489.03687631234
831644.6235827698;962862.7248846584;864027.3438113923
94522.23911986935;964557.1017365156;125420.47184665328
170381.3298704553;141707.37829792546;321671.19429662527
749222.9975120139;234931.47582434549;122888.49024028704
332233.5712719742;686660.4445789207;124777.87059906997
608743.3340092632;266240.68841346947;802220.8135393179
88234.90338529361;92501.99940739002;766891.7569173241
645232.188116656;836018.1430825246;556162.3977592847
478589.17648374423;647205.8199125531;953055.4233285685
964782.2658481145;10517.084966133683;832772.0530109206
532535.5370682724;478667.53571359476;526798.009330118
345883.28875776706;409021.07991069416;786073.1292767118
186697.11375057185;301489.3231042767;270792.0339526506
104124.41723087073;903842.5149065366;652465.2209652325
430312.9962165338;886468.0698636222;824902.3408527828
412895.7779129666;295433.69117945485;857016.9344009655
421738.31157931197;890740.5231747589;450333.6237776553
760531.6354650828;782621.3319678265;370947.9398886739
903504.7874658529;935429.2540205406;718519.7560183953
542326.5921535512;929634.4152682325;396037.08702433115
688814.8850227473;539584.9047063782;383780.60998336505
508535.8945182152;364540.8243606373;11248.262800125474
609935.6686539974;96070.28007312212;362124.8621563975
753338.4328457379;761507.1275098111;373078.29932947934
760631.474410738;363205.2627917417;927376.3733914708
922066.9825825914;684416.7422255931;273189.0163736841
315521.0800807089;659298.816821103;376449.44825243985
42257.72499895097;924713.303015026;922047.335637417
572802.1253551715;782101.7880922387;658567.4167748027
815993.1963581697;836265.6588712353;67815.14111683506
51576.68186111597;196658.98803765624;132113.02580202123
14130.638527070305;364614.5338078542;175229.29638355866
969835.6920413191;157365.87884696163;117544.22288094756
239329.65034586375;208517.98829500246;138219.24356414707
650789.6133434526;842704.6949077257;561653.5637858601
573542.113369745;493771.7799332981;956170.9761154512
810078.3177659737;357267.04125919373;610558.6237998886
479084.240653024;513201.8364858417;42052.76412311876
267229.2728320137;438579.7857014008;3913.543553660581
329935.66107506247;611603.5071516834;119671.70206526545
969805.2258220082;995842.0309512151;191886.41822984142
528143.7149713406;414223.2722541167;576526.2030690785
859793.0119061887;905729.6138350718;794735.1493901102
534156.5745964295;684482.2171296502;471182.25255452504
309063.86448642664;979244.7539704512;946664.4038769045
123130.96826935565;323231.65093011665;243662.78613480862
113936.02021794158;493933.7886153977;341607.0050268652
960853.6935566042;648772.0173513478;555685.704710324
498398.36256151984;646223.3914850847;776052.2997817977
865450.555536217;701976.5350507816;688621.7929654329
870234.5946292401;670354.9811540898;409918.92042251443
928626.9402807956;927545.584515445;808322.383953682
447886.1068324299;746806.538718557;534049.5105327283
789967.8678122296;922610.7764375807;907442.1311382238
736777.4606406542;704842.5100647504;182024.6385295139
982649.9607878242;657161.339251668;715409.4552776959
81671.96623676798;583230.0770152949;842354.4610987605
557179.330667846;839048.3005860867;389478.98577731353
314364.58340477047;296299.2336519732;648319.4753126211
768429.4297290316;273654.79568307527;948275.0020297426
407427.6091946576;742343.9026398404;312317.2179260336
841226.035267217;330373.62647042534;254839.6432089468
379440.68764450087;569038.0624926304;293545.4002419393
16967.163721454905;967554.8252832206;169361.51818092316
486444.8017018188;627493.3318366278;297552.71873196645
811977.5492030383;610394.6400963692;234915.27256680565
798725.7079660377;278868.4349920947;420168.28867586196
289031.2698969104;846988.0361190658;508478.39048990386
866699.79591505;920849.6709112792;171757.77501703825
581000.6197927828;829055.5335780391;925349.2379510712
585208.3877964705;494655.982359228;551554.9561042608
73643.90953089317;907932.1426048272;933311.9670276962
314632.7681878306;346890.3702563286;760008.947119477
420322.67978293134;57546.83097304469;423531.91502736154
62438.43464450083;287805.3063509929;452446.88306471205
920495.1467299171;171976.02753968243;4230.745369639854
41767.210989332;646479.4241860327;672359.7871600183
281653.186636336;487190.2955990374;971544.4255825838
290219.49069472717;396186.8642418441;426799.3029352942
316513.4018303899;720141.7189692479;748378.6518459987
661889.379418165;870174.83153242;330919.07331839565
168213.71009406538;816562.7288285826;258077.51567929072
113741.2489935783;1845.0981087999585;780551.8651734138
